d <- c(1, 2, 4)